none
level04.png
2100 1600

# Section 1 - Platforms
0.0	50.0	250.0	10.0
300.0	150.0	150.0	10.0
650.0	50.0	200.0	10.0
700.0	250.0	150.0	10.0
700.0	375.0	145.0	10.0
1100.0	450.0	50.0	10.0
1500.0	300.0	200.0	10.0
1250.0	750.0	200.0	10.0
1000.0	850.0	150.0	10.0
650.0	1100.0	150.0	10.0
150.0	1150.0	200.0	10.0
500.0	1350.0	300.0	10.0
1100.0	1300.0	200.0	10.0
1350.0	1400.0	150.0	10.0

# Section 2 - Ramps
575.0	325.0	675.0	250.0	10.0
850.0	50.0	1000.0	200.0	10.0
1150.0	450.0	13000.0	300.0	10.0
1250.0	350.0	1900.0	500.0	10.0
0.0	1200.0	150.0	1150.0	10.0
800.0	1350.0	1000.0	1150.0	10.0

# Section 3 - Ziplines
400.0	300.0	700.0	165.0
750.0	475.0	1100.0	600.0
1400.0	950.0	1250.0	550.0
50.0	1300.0	550.0	1500.0
1450.0	1550.0	2000.0	1400.0

# Section 4 - Finish platform
1900.0	1300.0	150.0	12.0

# Section 5 - Jump Powerups
1050.0	860.0	45.0	45.0
