level04.txt
level03.jpg
1600 2100

# Section 1 - Platforms
0.0		50.0	550.0	10.0
1100.0	50.0	500.0	10.0
200.0	165.0	150.0	10.0
100.0	400.0	150.0	10.0
375.0	625.0	150.0	10.0
500.0	750.0	150.0	10.0
250.0	865.0	150.0	10.0
100.0	975.0	150.0	10.0
490.0	1040.0	155.0	10.0
640.0	1050.0	5.0		10.0
200.0	1090.0	100.0	10.0
500.0	1150.0	100.0	10.0
250.0	1250.0	150.0	10.0
400.0	1550.0	150.0	10.0
500.0	1675.0	100.0	10.0
100.0	1800.0	400.0	10.0
1150.0	800.0	250.0	10.0
1200.0	1000.0	200.0	10.0
1200.0	1250.0	200.0	10.0
1300.0	1450.0	100.0	10.0
1050.0	1650.0	150.0	10.0
1150.0	1800.0	200.0	10.0

# Section 2 - Ramps
350.0	250.0	475.0	375.0	10.0
301.0	1090.0	400.0	1025.0	10.0
400.0	1250.0	450.0	1200.0	10.0
150.0	1350.0	250.0	1250.0	10.0
1400.0	800.0	1300.0	950.0	10.0
1050.0	1200.0	1200.0	1000.0	10.0

# Section 3 - Ziplines
100.0	550.0	400.0	850.0
150.0	1450.0	400.0	1700.0
550.0	1800.0	1250.0	910.0
1150.0	1800.0	1450.0	1550.0

# Section 4 - Finish platform
1350.0	1800.0	150.0	12.0

# Section 5 - Jump Powerups
150.0	410.0	45.0	45.0
425.0	1560.0	45.0	45.0
