none
level02.jpg
2100 1500

# Section 1 - Platforms
0.0		50.0	2100.0	10.0
50.0	600.0	350.0	10.0
150.0	250.0	150.0	10.0
350.0	400.0	150.0	10.0
350.0	150.0	150.0	10.0
600.0	500.0	150.0	10.0
800.0	600.0	100.0	10.0
800.0	450.0	100.0	10.0
900.0	350.0	100.0	10.0
900.0	250.0	100.0	10.0
1100.0	650.0	100.0	10.0
1250.0	750.0	150.0	10.0
1250.0	900.0	150.0	10.0
1250.0	1000.0	150.0	10.0
550.0	100.0	3.0		1.0
575.0	150.0	3.0		1.0
600.0	200.0	3.0		1.0
625.0	250.0	3.0		1.0
650.0	300.0	3.0		1.0
675.0	350.0	75.0		1.0

# Section 2 - Ramps
1900.0	700.0	2000.0	800.0	10.0
1800.0	550.0	1900.0	450.0	10.0
1900.0	250.0	2000.0	350.0	10.0

# Section 3 - Ziplines
1400.0	1250.0	1850.0	1000.0

# Section 4 - Finish platform
1900.0	50.0	150.0	12.0

# Section 5 - Jump Powerups
950.0	50.0	45.0	45.0